1049.8395289797295
1079.9684558734953
976.9671359557764
1110.1656026671772
1082.7056103726377
1163.8828535147284
1083.7593979760372
1059.7576114667088
1160.7074975069172
1191.8004823846304
999.1005086372671
1109.7630771899594
988.5204470687581
1000.008510864144
986.3587864551542
1257.9272298148987
1135.3981749018253
1033.6740164914845
1021.83901192752
1056.8921032044218
1099.8339189140788
1027.6729715204522
1155.6826377477646
1028.105258962124
1023.1308018362546
1081.1028572422183
1112.0322592367136
1029.7596830753794
1179.2488822071311
1061.658430407052