45493.998811326
43028.42672993171
44887.64419290268
45082.82279709389
43179.11989888461
44068.546368792
43503.53126002388
42794.70317965273
44035.747321063776
44443.0475523724
44535.8112655837
45513.86736982699
42806.32382020467
43538.326929919094
44338.188752421134
44097.21410447808
44483.82331014079
42306.74181620393
43185.16674528198
44100.29441841321
43852.84293162453
43876.99992641186
43175.81432844806
44540.66821483942
45831.07660850901
42764.368092533005
43837.222505449885
44559.45763254383
44309.08290121895
43548.9484727524