1781672.2560471818
1714721.2278204812
1619231.7867983838
1640803.403222006
1743806.8088812632
1712337.8300026623
1720845.5104917213
1697169.3804486624
1680074.3063711321
1678168.385608031
1746467.4653361614
1681896.2053638906
1763826.5438942672
1692312.3822041897
1670739.671642268
1714639.667128262
1749587.4014086514
1766398.0643032703
1677476.9847795907
1675382.9542768304
1772460.67617924
1709987.4717672241
1694620.9626269015
1745632.2024815958
1708489.183686827
1727165.6386726666
1637555.516985062
1763865.4873150717
1643659.8426774633
1701971.5079500761