9050.161088227522
8982.157690982505
9530.457467301307
9623.77412019595
9694.45995264701
9157.226475711053
9640.219916980752
9714.450998515216
9126.296194630731
9452.719452029804
9535.483724597383
9112.779861281851
8527.247490174948
9221.5188003531
9181.984466234735
8718.940113242743
9088.68317936494
8602.647167632294
8983.02526086319
9339.76632365783
9135.69223316146
9233.160873797655
9666.09844885629
9241.126753319464
8944.469053240586
9491.60198820331
9211.64477577725
9391.406347325152
9799.326213328179
10031.434111814306