3746831.6366630504
4253006.209340972
4044436.8576206337
4201170.317426451
4173265.033774851
4294622.7823753655
4285837.295999959
4094576.801510504
4035422.0338436156
4063086.3017277885
3948479.984056146
4326573.299954378
3976013.951405537
4474673.613053346
4218582.910157219
4528287.716276992
3516087.2718416317
4414300.627224897
3756187.6973917885
4558038.919531389
3849299.502343662
4204495.762960452
4229812.403334284
4105881.756858966
4334813.092173351
4127910.7427222696
4120348.047743251
3879425.089337414
3905683.4740526616
4264046.239777545