1713655.2527129576
1682390.0276708810
1667825.3302182525
1701108.5036795670
1810021.7938284075
1655055.1566212245
1751961.6635968200
1748523.7654715194
1794130.6568232803
1665471.6282046428
1759690.4574212087
1789137.4095101831
1708567.5525155720
1662189.2073714370
1706198.5779380703
1764389.4557904205
1696618.0438046604
1673047.8616536820
1708594.3158960050
1760226.1117032715
1741036.2003948380
1720047.0987446366
1696948.6050217904
1655157.0748317537
1715819.3347196686
1676373.8993767386
1749127.5160488070
1750832.9632506287
1740968.3149240334
1737775.9025294427