42266.3285937373
42986.4248075107
44991.1411167938
43867.9613908499
45407.6921386085
44064.8934240703
42894.9829488257
43616.8349911200
41695.2810710816
43970.1076690056
43603.1196989333
43375.5897299894
44769.9470309120
43619.3585574212
43447.8951268954
45006.1475652071
45672.1029066523
44045.4035520340
45008.4395053942
43923.6764426010
42990.9587025345
43807.7593212159
45095.0690383770
44590.8556964792
43773.8047087254
42581.8021792735
42749.0589108140
44031.6236505969
42504.8619246615
43354.5975566297